
Circuit: bjt regulator

v(1) = 2.000000e+01
v(2)-v(3) = 6.971271e-01
v(2)-v(5) = 5.935519e+00
v(1)-v(3) = 7.994386e+00
v(1)-v(2) = 7.297259e+00
v(2)-v(5) = 5.935519e+00
v(5)-v(4) = 7.319836e-01
v(3)-v(5) = 5.238392e+00
v(3) = 1.200561e+01
