
Circuit: zener regulator

v(2) = 1.923077e+00
v(1) = 2.000000e+01
i(vs) = 3.846154e-02
i(vze) = 2.054054e-11
i(vl) = 3.846154e-02
