
Circuit: bjt regulator

v(1) = 2.000000e+01
v(2)-v(3) = 7.079526e-01
v(2)-v(5) = 7.849539e+00
v(1)-v(3) = 6.212838e+00
v(1)-v(2) = 5.504886e+00
v(2)-v(5) = 7.849539e+00
v(5)-v(4) = 7.164263e-01
v(3)-v(5) = 7.141586e+00
v(3) = 1.378716e+01
