
Circuit: zener regulator

v(2) = 4.166667e-01
v(1) = 2.000000e+01
i(vs) = 4.166667e-02
i(vze) = 1.751607e-11
i(vl) = 4.166667e-02
