
Circuit: zener regulator

v(2) = 4.246285e-02
v(1) = 2.000000e+01
i(vs) = 4.246285e-02
i(vze) = 1.059697e-11
i(vl) = 4.246285e-02
