
Circuit: zener regulator

v(2) = 1.202921e+01
v(1) = 2.000000e+01
i(vs) = 1.695912e-02
i(vze) = 9.201751e-04
i(vl) = 1.603895e-02
