
Circuit: zener regulator

v(2) = 1.030928e+01
v(1) = 2.000000e+01
i(vs) = 2.061856e-02
i(vze) = 3.731307e-11
i(vl) = 2.061856e-02
