
Circuit: zener regulator

v(2) = 1.226269e+01
v(1) = 2.000000e+01
i(vs) = 1.646236e-02
i(vze) = 4.199669e-03
i(vl) = 1.226269e-02
