
Circuit: zener regulator

v(2) = 3.508772e+00
v(1) = 2.000000e+01
i(vs) = 3.508772e-02
i(vze) = 2.371203e-11
i(vl) = 3.508772e-02
