
Circuit: zener regulator

v(2) = 5.970149e+00
v(1) = 2.000000e+01
i(vs) = 2.985075e-02
i(vze) = 2.863480e-11
i(vl) = 2.985075e-02
